0000000000
0111111110
0111000110
0111000010
0110000110
0110000110
0110000010
0111100110
0001111100
0000000000

0000000000
0001111110
0011111110
0111001110
0110000110
1110000111
0110000110
0111111010
0111111110
0000000000

0000000000
0111111110
0111000110
0110000110
0100000010
0100000110
0100000110
0111010110
0111111111
0000000000

0000000000
0011110000
0011111110
0110000110
0100000110
0100000110
0111001110
0111111110
0111111100
0000111000

0000000000
0111101110
0111111110
0110000110
0110000011
1110000011
0110000011
0111111100
0000110010
0000000000

0000000000
0111111110
0111111110
0111000010
0110000110
0110000110
0110000110
0111111110
0011111100
0000000000

0000000000
0111111110
0011111110
0111001110
0110001110
0110001110
0110001110
0111111110
0111111110
0000000000

0000000000
0111111110
0111000110
0110000110
0110000010
0110000110
0110000110
0111000110
0111111110
0000000000

0000000000
0111111100
0111111110
0110000110
0100000110
0100000110
0111001110
0111111110
0111111100
0000000000

0000000000
0111111110
0111111110
0110000110
1110000111
1110000111
1110000111
0111111110
0111111110
0000000000

0000000000
0000111000
0000111000
0000111000
0000111000
0000111000
0000111000
0000111000
0000111000
0000000000

0000000000
0000011000
0000011000
0000011000
0000011000
0000011000
0000011000
0000011000
0000011000
0000000000

0000000000
0000111000
0000111000
0000011000
0000011000
0000011000
0000011000
0000011000
0000111100
0000000000

0000000000
0000010000
0000111000
0000111000
0000110000
0000111000
0000111000
0000110000
0000111000
0000000000

0000000000
0000110000
0001110000
0011110000
0010110000
0000110000
0000110000
0000110000
0000110000
0000000000

0000000000
0001110000
0001110000
0000110000
0000110000
0000110000
0000110000
0000110000
0000111000
0000000000

0000000000
0000011000
0000111000
0000111000
0000110000
0000111000
0000111000
0000111000
0000111100
0000000000

0000010000
0000110000
0001110000
0010110000
0010110000
0000110000
0000110000
0000110000
0000110000
0000000000

0000000000
0000011000
0000111000
0001111000
0011011000
0000011000
0000011000
0000011000
0000111100
0000000000

0000000000
0000110000
0000110000
0000110000
0000110000
0000110000
0000110000
0000110000
0001111000
0000000000

0000000000
0011111110
0111000110
0000001100
0000111000
0000110000
0001100000
0011100000
0011111100
0000000000

0000110000
0011111110
0110000110
0000001100
0000110000
0000110000
0001100000
0011000010
0011111100
0000000000

0000000000
0011111110
0000001100
0000011100
0000111000
0000110000
0001110000
0011000000
0011111110
0001111110

0000000000
0011111110
0100000110
0000011100
0000111000
0001110000
0011100000
0111000000
0111111110
0000000000

0000000000
0011111110
0111111110
0000011100
0000111000
0000110000
0001100000
0011000000
0011111110
0011111100

0000000000
0011111110
0111111110
0000011100
0000111000
0001110000
0001100000
0011100010
0011111100
0000000000

0000110000
0011111110
0000001110
0000001100
0000110000
0000110000
0001110000
0011000010
0011111000
0000110000

0000000000
0011111110
0010001110
0000001100
0000110000
0001110000
0001100000
0011000000
0011111110
0000000000

0000000000
0011111110
0110000110
0010001110
0000011000
0000110000
0011000000
0011000000
0011111100
0000000000

0000000000
0011111110
0110011110
0000011000
0000110000
0001110000
0001100000
0011000000
0011111110
0000000000

0000000000
0011111110
0100001111
0000000011
0000111111
0000000110
0000000111
0011001110
0011111100
0000000000

0000000000
0011111110
0100001111
0000000011
0000111110
0001000111
0000000111
0011001110
0011111100
0000110000

0000000000
0011111110
0000001111
0000000011
0000111111
0001000111
0000000111
0011001110
0011111100
0000000000

0000000000
0011111110
0110001111
0100000011
0000111111
0000001111
0000000111
0011001110
0011111100
0000110000

0000000000
0011111110
0110001110
0000000010
0000111110
0001000110
0000000111
0011001111
0011111100
0000000000

0000000000
0011111110
0100001111
0000000011
0001111110
0000011111
0000000110
0011001110
0011111100
0000110000

0000001100
0011111110
0000000111
0000010111
0011111110
0000010111
0000000111
0011011110
0011111000
0000000000

0000100000
0011111110
0010001111
0000000110
0000111111
0001000111
0000000111
0010001110
0011111100
0000000000

0000000000
0011111110
0100001111
0000000011
0001111111
0000000111
0000000111
0010001110
0011111100
0000110000

0000000000
0011111110
0000001110
0000000110
0000111111
0001000111
0000000110
0010001110
0011111100
0000101000

0000000000
0001001110
0011001110
0011001100
0001111110
0001000110
0000000110
0000000110
0000000110
0000000110

0000000000
0001101110
0011001110
0011001100
0111111110
0000001110
0000000110
0000000110
0000000110
0000000000

0000000000
0001001110
0011001110
0011001100
0001111110
0001000110
0000001110
0000001110
0000001110
0000000000

0000000000
0001101110
0011001110
0011001100
0111100110
0011111110
0000000110
0000000110
0000000110
0000000010

0001000010
0001000110
0011000110
0011000110
0001111110
0001000110
0000000110
0000000110
0000000110
0000000110

0000000000
0001001110
0011001110
0011001110
0111111110
0001000110
0000000110
0000000110
0000000110
0000000110

0000000000
0001100110
0011001110
0011001100
0111111110
0000001110
0000000110
0000000110
0000001100
0000000000

0000100000
0001000110
0011000110
0011001100
0011111110
0001000110
0000001110
0000001110
0000001110
0000000000

0000000000
0001000110
0011001110
0011001100
0111100110
1111111110
0000000110
0000000110
0000000110
0000000010

0000000000
0011000110
0011000110
0011000110
0011111110
0011000110
0000000110
0000000110
0000001100
0000001100

0000000000
0011111110
0011111100
0011000000
0011111110
0000000110
0000000110
0000000110
0111111100
0011111000 

0000000000
0011111110
0011000000
0011000000
0011111110
0000000110
0000000110
0000000110
0111111000
0000000000 

0000011110
0011110000
0011000000
0011000000
0011111110
0000000110
0000000110
0000000110
0111111100
0000100000 

0000000000
0011111110
0111000000
0111000000
0011111110
0000000110
0000000111
0000000110
0001111100
0111000000 

0000000000
0011111100
0010000000
0010000000
0011111110
0000000110
0000000111
0000000110
0111111100
0111111000
 
0000000000
0011111110
0011111100
0011000000
0011111100
0000000100
0000000100
0000001100
0111111100
0011111000 

0000000000
0011111110
0011000000
0011000000
0011111110
0000000110
0000000110
0000000110
0111111110
0000000000 

0000000000
0011111100
0111000000
0011000000
0011111110
0000000110
0000000111
0000000110
0111111100
0001110000 

0000000000
0011111110
0110000000
0110000000
0011111110
0000000110
0000000111
0000000110
0111111100
0000000000 

0000011100
0011110000
0010000000
0010000000
0011111110
0000001110
0000000111
0000001110
0111111100
0111111000

0000000000
0011000000
0011000000
0011000000
0011111110
0001001110
0010000010
0011000110
0111111110
0000000000

0000110000
0011100000
0011000000
0011000000
0011111100
0001111110
0011000110
0011000110
0011111110
0000100000

0000000000
0011000000
0011000000
0011000000
0011111110
0001111110
0011000111
0011000110
0011111110
0000000000

0000110000
0011100000
0011000000
0011000000
0011111100
0001111110
0011000110
0011000110
0111111110
0000100000  

0000000000
0011000000
0011000000
0011000000
0011111110
0001000010
0010000010
0011000110
0111111110
0000111100

0000011000
0011110000
0011000000
0111000000
0111111100
0111111110
0011000110
0011000110
0011111110
0000100000

0000000000
0011100000
0011000000
0011000000
0011111110
0001111110
0111000111
0011000111
0011111110
0000010000

0000110000
0011100000
0111000000
0011000000
0011111100
0001000010
0011000110
0011000110
0001111100
0000100000

0000011000
0011110000
0011100000
0111000000
0111111100
0111001110
0111000110
0011000100
0001111000
0000100000

0000000000
0011110000
0011000000
0011000000
0011100000
0001111110
0011000110
0011000110
0011111110
0000111000

0000000000
0001111110
0011111110
0000000110
0000000100
0000000110
0000000110
0000000110
0000000110
0000000000

0000001110
0001111110
0011100110
0000000110
0000000110
0000000110
0000000110
0000000110
0000000110
0000000000

0000000000
0011111110
0000000110
0000000110
0000000100
0000000110
0000000110
0000000110
0000000110
0000000000

0000001110
0001111110
0010000110
0000000110
0000000100
0000000110
0000000110
0000001110
0000001100
0000000000

0000000000
0001111110
0011111110
0000000110
0000000100
0000000110
0000000110
0000000110
0000000110
0000000000

0000000010
0011111110
0011100010
0000000110
0000000110
0000000110
0000000111
0000000110
0000000110
0000000110

0000000000
0011111110
0000111111
0000000111
0000000100
0000000110
0000001110
0000001110
0000001110
0000000000

0001111110
0001111110
0010000110
0000000110
0000001100
0000001100
0000001100
0000001100
0000001100
0000000000 

0000000000
0011111110
0100000110
0000000110
0000000110
0000000110
0000001100
0000001100
0000001100
0000000000

0000000110
0001111110
0010000110
0000000110
0000001100
0000001100
0000001100
0000000110
0000000000
0000000000

0000000000
0111111110
0111000110
0111000010
0111111110
0110000110
0110000010
0111100110
0001111100
0000000000

0000110000
0111111110
0111000110
1111000011
0111111110
0110000110
0110000010
0111100110
0001111100
0000010000

0000000000
0111111110
0110000110
0110000010
0110111110
0110110110
0110000010
0111100110
0001111100
0000110000

0000110000
0111111110
1110000111
0111000010
0111111110
1110000110
0110000011
0011100110
0001111100
0000010000

0000110000
0011111100
0111000110
0111000010
0011111100
0110000110
1000000001
0111100110
0001111100
0000010000

0000000000
0111111110
0111000110
1111000010
0011111100
0110000110
0110000010
0111100110
0001111100
0000010000

0000000000
0011111100
0110000110
0110000010
0110000110
0111111110
0110000010
0111100110
0001111100
0000110000

0000000000
0111111110
0110000110
0111000010
0011111100
0110000110
0110000010
0011101110
0001111100
0000000000

0000000000
0111111110
0111000110
1111000010
0011111100
0111111110
0110000010
0111100110
0001111100
0000000000

0000010000
0011101110
0110000110
0110000010
0110000110
0011111100
0110000010
0111100110
0001111100
0000000000

0000000000
0001111110
0011000110
0011000110
0011111110
0000000110
0000000110
0000001100
0000001100
0000000000

0000110000
0001111110
0011000111
0110000110
0011111110
0000000110
0000000110
0000001110
0000001100
0000000000

0000000000
0001111100
0011000110
0011000110
0011100110
0000011110
0000000110
0000001100
0000011100
0000000000

0000000000
0001111100
0010000110
0011000110
0001111110
0000000110
0000000110
0000001100
0000001100
0000110000

0000000000
0000110000
0001111110
0011000110
0110000110
0011111110
0000100110
0000000110
0000011100
0000000000

0000010000
0001111100
0011000110
0111000110
0011101110
0000011110
0000000110
0000001100
0000001100
0000001100

0000110000
0001101110
0011000111
1110000110
0011101110
0000010110
0000000110
0000001100
0000001100
0000000000

0000000000
0001111100
0011000110
0110000111
0011100110
0000011110
0000000110
0000001100
0000001100
0000001100

0000000000
0001111100
0010000110
0010000010
0011001110
0000111110
0000000011
0000001100
0000011000
0000110000

0000010000
0001111110
0011000111
0110000110
0011001110
0000110110
0000000110
0000011100
0000011100
0000000000
    
